Tbounds:
    low  : 70
    mid  : 500
    high : 1500

coeffs:
    a : [-0.7929976E+1, -0.94327E+2, -0.11727E+4]
    b : [0.33384147, 0.81903, 0.29261E+1]
    c : [0.10199638E-2, 0.74005E-4, -0.13299E-2]
    d : [-0.2168018E-6, 0.42437E-6, 0.74356E-6]
